3 0.0078125 0.4609375 0.125 0.125
3 0.125 0.33984375 0.125 0.125
3 0.1796875 0.28515625 0.125 0.125
3 0.27734375 0.48046875 0.125 0.125
3 0.43359375 0.04296875 0.125 0.125
1 0.078125 0.40234375 0.125 0.125
1 0.24609375 0.22265625 0.125 0.125
1 0.3359375 0.453125 0.125 0.125
1 0.3828125 0.40625 0.125 0.125
1 0.390625 0.09375 0.125 0.125
1 0.44140625 0.35546875 0.125 0.125
1 0.453125 0.46875 0.125 0.125
1 0.484375 0.28125 0.125 0.125
3 0.51953125 0.4296875 0.125 0.125
3 0.66015625 0.125 0.125 0.125
3 0.8515625 0.45703125 0.125 0.125
1 0.55859375 0.2265625 0.125 0.125
1 0.57421875 0.375 0.125 0.125
1 0.609375 0.18359375 0.125 0.125
1 0.625 0.30078125 0.125 0.125
1 0.68359375 0.2421875 0.125 0.125
1 0.7265625 0.0703125 0.125 0.125
1 0.74609375 0.2109375 0.125 0.125
1 0.77734375 0.01171875 0.125 0.125
1 0.7890625 0.16015625 0.125 0.125
1 0.85546875 0.11328125 0.125 0.125
1 0.91015625 0.0546875 0.125 0.125
1 0.94140625 0.375 0.125 0.125
3 0.28515625 0.6171875 0.125 0.125
1 0.22265625 0.55859375 0.125 0.125
1 0.4609375 0.84375 0.125 0.125
3 0.58203125 0.71484375 0.125 0.125
1 0.52734375 0.7890625 0.125 0.125
1 0.73046875 0.56640625 0.125 0.125
1 0.77734375 0.5078125 0.125 0.125
