1 0.046875 0.375 0.125 0.125
1 0.0859375 0.45703125 0.125 0.125
1 0.1484375 0.39453125 0.125 0.125
1 0.171875 0.23046875 0.125 0.125
1 0.2109375 0.33203125 0.125 0.125
1 0.484375 0.06640625 0.125 0.125
3 0.4609375 0.37109375 0.125 0.125
1 0.54296875 0.3359375 0.125 0.125
1 0.5625 0.0078125 0.125 0.125
1 0.6171875 0.24609375 0.125 0.125
1 0.75390625 0.1328125 0.125 0.125
1 0.828125 0.02734375 0.125 0.125
4 0.6875 0.1875 0.125 0.125
1 0.015625 0.5234375 0.125 0.125
1 0.94140625 0.80859375 0.125 0.125
