1 0.0859375 0.2578125 0.125 0.125
1 0.1875 0.3359375 0.125 0.125
1 0.26953125 0.43359375 0.125 0.125
1 0.3203125 0.078125 0.125 0.125
1 0.3203125 0.47265625 0.125 0.125
1 0.375 0.10546875 0.125 0.125
1 0.46875 0.2109375 0.125 0.125
1 0.5234375 0.23828125 0.125 0.125
1 0.57421875 0.29296875 0.125 0.125
3 0.1328125 0.859375 0.125 0.125
1 0.01171875 0.73828125 0.125 0.125
1 0.02734375 0.5 0.125 0.125
1 0.03515625 0.93359375 0.125 0.125
1 0.08984375 0.98828125 0.125 0.125
1 0.1171875 0.5703125 0.125 0.125
1 0.2109375 0.66796875 0.125 0.125
1 0.375 0.53515625 0.125 0.125
1 0.421875 0.57421875 0.125 0.125
1 0.4609375 0.62890625 0.125 0.125
3 0.51953125 0.66015625 0.125 0.125
3 0.6953125 0.8515625 0.125 0.125
1 0.5625 0.70703125 0.125 0.125
1 0.60546875 0.7578125 0.125 0.125
1 0.64453125 0.8046875 0.125 0.125
1 0.73828125 0.89453125 0.125 0.125
1 0.79296875 0.94921875 0.125 0.125
1 0.96875 0.65625 0.125 0.125
