3 0.5078125 0.4609375 0.125 0.125
3 0.625 0.33984375 0.125 0.125
3 0.6796875 0.28515625 0.125 0.125
3 0.77734375 0.48046875 0.125 0.125
3 0.93359375 0.04296875 0.125 0.125
1 0.578125 0.40234375 0.125 0.125
1 0.74609375 0.22265625 0.125 0.125
1 0.8359375 0.453125 0.125 0.125
1 0.8828125 0.40625 0.125 0.125
1 0.890625 0.09375 0.125 0.125
1 0.94140625 0.35546875 0.125 0.125
1 0.953125 0.46875 0.125 0.125
1 0.984375 0.28125 0.125 0.125
3 0.46875 0.51953125 0.125 0.125
3 0.78515625 0.6171875 0.125 0.125
1 0.72265625 0.55859375 0.125 0.125
1 0.9609375 0.84375 0.125 0.125
