1 0.21484375 0.46484375 0.125 0.125
1 0.26171875 0.43359375 0.125 0.125
1 0.359375 0.34765625 0.125 0.125
1 0.45703125 0.24609375 0.125 0.125
3 0.640625 0.453125 0.125 0.125
1 0.62109375 0.06640625 0.125 0.125
1 0.73828125 0.37109375 0.125 0.125
1 0.79296875 0.33203125 0.125 0.125
1 0.84765625 0.29296875 0.125 0.125
3 0.41796875 0.68359375 0.125 0.125
1 0.15234375 0.97265625 0.125 0.125
1 0.1953125 0.9375 0.125 0.125
1 0.23046875 0.8828125 0.125 0.125
1 0.3671875 0.7265625 0.125 0.125
1 0.453125 0.890625 0.125 0.125
3 0.80078125 0.51171875 0.125 0.125
1 0.5078125 0.59375 0.125 0.125
1 0.5625 0.5390625 0.125 0.125
1 0.60546875 0.5 0.125 0.125
1 0.66796875 0.64453125 0.125 0.125
1 0.765625 0.5703125 0.125 0.125
