1 0.00390625 0.20703125 0.125 0.125
1 0.03125 0.00390625 0.125 0.125
1 0.0546875 0.24609375 0.125 0.125
1 0.10546875 0.27734375 0.125 0.125
1 0.16015625 0.3125 0.125 0.125
1 0.21484375 0.359375 0.125 0.125
1 0.26171875 0.3828125 0.125 0.125
1 0.30078125 0.44921875 0.125 0.125
1 0.3671875 0.4765625 0.125 0.125
3 0.4140625 0.49609375 0.125 0.125
1 0.00390625 0.55859375 0.125 0.125
1 0.10546875 0.62890625 0.125 0.125
1 0.1484375 0.67578125 0.125 0.125
1 0.20703125 0.7109375 0.125 0.125
1 0.26171875 0.75390625 0.125 0.125
1 0.30859375 0.80078125 0.125 0.125
1 0.37109375 0.83203125 0.125 0.125
4 0.484375 0.8984375 0.125 0.125
4 0.4296875 0.859375 0.125 0.125
3 0.05859375 0.58984375 0.125 0.125
1 0.59765625 0.62109375 0.125 0.125
1 0.6328125 0.66796875 0.125 0.125
1 0.73046875 0.734375 0.125 0.125
4 0.68359375 0.703125 0.125 0.125
3 0.5390625 0.60546875 0.125 0.125
