4 0.86328125 0.48046875 0.125 0.125
1 0.0546875 0.82421875 0.125 0.125
1 0.08984375 0.9921875 0.125 0.125
1 0.10546875 0.78515625 0.125 0.125
1 0.16015625 0.75 0.125 0.125
1 0.1796875 0.90234375 0.125 0.125
1 0.23046875 0.86328125 0.125 0.125
1 0.2734375 0.65234375 0.125 0.125
1 0.2890625 0.828125 0.125 0.125
1 0.328125 0.62109375 0.125 0.125
1 0.34765625 0.7890625 0.125 0.125
1 0.4140625 0.75 0.125 0.125
1 0.0078125 0.8828125 0.125 0.125
3 0.1328125 0.9375 0.125 0.125
3 0.75 0.52734375 0.125 0.125
