1 0.0546875 0.32421875 0.125 0.125
1 0.08984375 0.4921875 0.125 0.125
1 0.10546875 0.28515625 0.125 0.125
1 0.16015625 0.25 0.125 0.125
1 0.1796875 0.40234375 0.125 0.125
1 0.23046875 0.36328125 0.125 0.125
1 0.2734375 0.15234375 0.125 0.125
1 0.2890625 0.328125 0.125 0.125
1 0.328125 0.12109375 0.125 0.125
1 0.34765625 0.2890625 0.125 0.125
1 0.4140625 0.25 0.125 0.125
1 0.0078125 0.3828125 0.125 0.125
3 0.1328125 0.4375 0.125 0.125
3 0.75 0.02734375 0.125 0.125
3 0.046875 0.5234375 0.125 0.125
