1 0.01171875 0.3359375 0.125 0.125
1 0.1171875 0.08984375 0.125 0.125
1 0.33203125 0.14453125 0.125 0.125
1 0.58984375 0.40234375 0.125 0.125
1 0.65625 0.4375 0.125 0.125
1 0.6875 0.484375 0.125 0.125
1 0.70703125 0.28125 0.125 0.125
1 0.73046875 0.12890625 0.125 0.125
1 0.75390625 0.3359375 0.125 0.125
1 0.84765625 0.42578125 0.125 0.125
1 0.90625 0.4609375 0.125 0.125
3 0.8125 0.37109375 0.125 0.125
1 0.35546875 0.625 0.125 0.125
1 0.421875 0.6796875 0.125 0.125
4 0.23046875 0.68359375 0.125 0.125
1 0.6953125 0.94921875 0.125 0.125
1 0.7421875 0.53515625 0.125 0.125
1 0.80078125 0.578125 0.125 0.125
1 0.8359375 0.62109375 0.125 0.125
3 0.54296875 0.81640625 0.125 0.125
3 0.63671875 0.89453125 0.125 0.125
3 0.875 0.6640625 0.125 0.125
