4 0.04296875 0.16015625 0.125 0.125
3 0.40234375 0.328125 0.125 0.125
3 0.40625 0.1328125 0.125 0.125
1 0.02734375 0.22265625 0.125 0.125
1 0.078125 0.37109375 0.125 0.125
1 0.30859375 0.22265625 0.125 0.125
1 0.3359375 0.40234375 0.125 0.125
1 0.33984375 0.27734375 0.125 0.125
1 0.4609375 0.375 0.125 0.125
3 0.6328125 0.359375 0.125 0.125
1 0.51171875 0.23828125 0.125 0.125
1 0.52734375 0.0 0.125 0.125
1 0.53515625 0.43359375 0.125 0.125
1 0.58984375 0.48828125 0.125 0.125
1 0.6171875 0.0703125 0.125 0.125
1 0.7109375 0.16796875 0.125 0.125
1 0.875 0.03515625 0.125 0.125
1 0.921875 0.07421875 0.125 0.125
1 0.9609375 0.12890625 0.125 0.125
3 0.453125 0.50390625 0.125 0.125
3 0.47265625 0.734375 0.125 0.125
1 0.25390625 0.9609375 0.125 0.125
4 0.53125 0.9921875 0.125 0.125
4 0.6484375 0.546875 0.125 0.125
4 0.71875 0.8125 0.125 0.125
3 0.53515625 0.66796875 0.125 0.125
3 0.59375 0.609375 0.125 0.125
1 0.77734375 0.75 0.125 0.125
1 0.86328125 0.7734375 0.125 0.125
1 0.9296875 0.84375 0.125 0.125
1 0.94921875 0.6796875 0.125 0.125
1 0.9921875 0.91015625 0.125 0.125
