1 0.3984375 0.49609375 0.125 0.125
3 0.3125 0.22265625 0.125 0.125
3 0.4609375 0.4765625 0.125 0.125
1 0.5234375 0.4765625 0.125 0.125
1 0.07421875 0.609375 0.125 0.125
1 0.20703125 0.56640625 0.125 0.125
1 0.27734375 0.53515625 0.125 0.125
1 0.3046875 0.8203125 0.125 0.125
1 0.48828125 0.77734375 0.125 0.125
3 0.14453125 0.58203125 0.125 0.125
3 0.33984375 0.51171875 0.125 0.125
3 0.359375 0.80078125 0.125 0.125
3 0.421875 0.79296875 0.125 0.125
1 0.55078125 0.75390625 0.125 0.125
1 0.83984375 0.59765625 0.125 0.125
1 0.8515625 0.67578125 0.125 0.125
1 0.890625 0.75390625 0.125 0.125
4 0.828125 0.515625 0.125 0.125
