3 0.3515625 0.07421875 0.125 0.125
1 0.25390625 0.3828125 0.125 0.125
1 0.34375 0.4765625 0.125 0.125
1 0.44921875 0.16796875 0.125 0.125
3 0.72265625 0.4375 0.125 0.125
1 0.62109375 0.34375 0.125 0.125
1 0.671875 0.1328125 0.125 0.125
1 0.90234375 0.35546875 0.125 0.125
1 0.5390625 0.2578125 0.125 0.125
3 0.45703125 0.7734375 0.125 0.125
1 0.25390625 0.98046875 0.125 0.125
1 0.26953125 0.5703125 0.125 0.125
1 0.4140625 0.8125 0.125 0.125
3 0.75 0.9765625 0.125 0.125
1 0.8515625 0.8671875 0.125 0.125
1 0.546875 0.6796875 0.125 0.125
