1 0.46875 0.171875 0.125 0.125
1 0.5390625 0.17578125 0.125 0.125
1 0.84765625 0.21484375 0.125 0.125
3 0.7109375 0.171875 0.125 0.125
3 0.859375 0.40234375 0.125 0.125
1 0.0625 0.7578125 0.125 0.125
1 0.3359375 0.73046875 0.125 0.125
1 0.3984375 0.72265625 0.125 0.125
1 0.46484375 0.72265625 0.125 0.125
1 0.46875 0.9375 0.125 0.125
1 0.52734375 0.71875 0.125 0.125
1 0.58203125 0.7109375 0.125 0.125
1 0.63671875 0.7109375 0.125 0.125
1 0.69140625 0.703125 0.125 0.125
1 0.859375 0.54296875 0.125 0.125
