1 0.078125 0.37890625 0.125 0.125
1 0.1953125 0.140625 0.125 0.125
1 0.2890625 0.04296875 0.125 0.125
1 0.33203125 0.453125 0.125 0.125
1 0.40234375 0.33984375 0.125 0.125
1 0.43359375 0.28125 0.125 0.125
1 0.484375 0.23828125 0.125 0.125
4 0.13671875 0.26171875 0.125 0.125
3 0.359375 0.3984375 0.125 0.125
1 0.546875 0.3671875 0.125 0.125
1 0.59765625 0.33203125 0.125 0.125
4 0.515625 0.421875 0.125 0.125
3 0.5234375 0.18359375 0.125 0.125
3 0.6484375 0.26171875 0.125 0.125
3 0.421875 0.5234375 0.125 0.125
1 0.609375 0.75 0.125 0.125
1 0.75 0.58203125 0.125 0.125
3 0.58984375 0.98046875 0.125 0.125
3 0.66796875 0.6875 0.125 0.125
