3 0.4609375 0.47265625 0.125 0.125
3 0.49609375 0.2890625 0.125 0.125
1 0.19140625 0.3125 0.125 0.125
1 0.2734375 0.1953125 0.125 0.125
1 0.33203125 0.47265625 0.125 0.125
1 0.34765625 0.14453125 0.125 0.125
1 0.390625 0.40625 0.125 0.125
1 0.43359375 0.02734375 0.125 0.125
1 0.4453125 0.35546875 0.125 0.125
3 0.6640625 0.125 0.125 0.125
3 0.6796875 0.25 0.125 0.125
3 0.73828125 0.19921875 0.125 0.125
3 0.91015625 0.02734375 0.125 0.125
1 0.609375 0.18359375 0.125 0.125
1 0.71875 0.08984375 0.125 0.125
1 0.77734375 0.0234375 0.125 0.125
1 0.80078125 0.140625 0.125 0.125
1 0.83203125 0.4609375 0.125 0.125
1 0.85546875 0.08984375 0.125 0.125
1 0.90625 0.39453125 0.125 0.125
1 0.5078125 0.421875 0.125 0.125
1 0.5625 0.234375 0.125 0.125
1 0.57421875 0.3671875 0.125 0.125
3 0.01953125 0.9296875 0.125 0.125
3 0.16015625 0.625 0.125 0.125
3 0.3515625 0.95703125 0.125 0.125
1 0.05859375 0.7265625 0.125 0.125
1 0.07421875 0.875 0.125 0.125
1 0.109375 0.68359375 0.125 0.125
1 0.125 0.80078125 0.125 0.125
1 0.18359375 0.7421875 0.125 0.125
1 0.2265625 0.5703125 0.125 0.125
1 0.24609375 0.7109375 0.125 0.125
1 0.27734375 0.51171875 0.125 0.125
1 0.2890625 0.66015625 0.125 0.125
1 0.35546875 0.61328125 0.125 0.125
1 0.41015625 0.5546875 0.125 0.125
1 0.44140625 0.875 0.125 0.125
4 0.50390625 0.81640625 0.125 0.125
3 0.55078125 0.75 0.125 0.125
1 0.609375 0.6953125 0.125 0.125
