1 0.00390625 0.39453125 0.125 0.125
1 0.02734375 0.17578125 0.125 0.125
1 0.03515625 0.45703125 0.125 0.125
1 0.09375 0.12890625 0.125 0.125
1 0.1015625 0.28515625 0.125 0.125
1 0.1328125 0.0859375 0.125 0.125
1 0.15625 0.24609375 0.125 0.125
1 0.16015625 0.375 0.125 0.125
1 0.1875 0.05859375 0.125 0.125
1 0.20703125 0.20703125 0.125 0.125
1 0.23828125 0.01953125 0.125 0.125
1 0.26953125 0.1640625 0.125 0.125
1 0.3203125 0.125 0.125 0.125
1 0.3671875 0.0859375 0.125 0.125
1 0.41015625 0.47265625 0.125 0.125
1 0.4140625 0.046875 0.125 0.125
1 0.484375 0.4296875 0.125 0.125
3 0.16796875 0.4375 0.125 0.125
3 0.2265625 0.48046875 0.125 0.125
3 0.47265625 0.01171875 0.125 0.125
1 0.546875 0.375 0.125 0.125
1 0.5859375 0.45703125 0.125 0.125
1 0.6484375 0.39453125 0.125 0.125
1 0.671875 0.23046875 0.125 0.125
1 0.7109375 0.33203125 0.125 0.125
1 0.984375 0.06640625 0.125 0.125
3 0.9609375 0.37109375 0.125 0.125
1 0.078125 0.5 0.125 0.125
1 0.09375 0.76953125 0.125 0.125
1 0.1171875 0.55078125 0.125 0.125
1 0.16796875 0.6171875 0.125 0.125
1 0.23828125 0.703125 0.125 0.125
1 0.2734375 0.546875 0.125 0.125
1 0.35546875 0.53515625 0.125 0.125
1 0.35546875 0.7109375 0.125 0.125
1 0.41015625 0.65625 0.125 0.125
1 0.44140625 0.578125 0.125 0.125
1 0.515625 0.5234375 0.125 0.125
