1 0.0546875 0.05859375 0.125 0.125
1 0.0546875 0.32421875 0.125 0.125
1 0.11328125 0.05859375 0.125 0.125
1 0.13671875 0.4765625 0.125 0.125
1 0.1875 0.296875 0.125 0.125
1 0.1953125 0.46484375 0.125 0.125
1 0.25 0.44140625 0.125 0.125
1 0.37890625 0.41015625 0.125 0.125
1 0.44140625 0.40625 0.125 0.125
1 0.01171875 0.48046875 0.125 0.125
4 0.19140625 0.046875 0.125 0.125
4 0.23828125 0.03515625 0.125 0.125
3 0.0703125 0.4765625 0.125 0.125
3 0.31640625 0.43359375 0.125 0.125
1 0.3984375 0.99609375 0.125 0.125
3 0.3125 0.72265625 0.125 0.125
3 0.4609375 0.9765625 0.125 0.125
1 0.5234375 0.9765625 0.125 0.125
