1 0.1953125 0.44921875 0.125 0.125
1 0.2421875 0.03515625 0.125 0.125
1 0.30078125 0.078125 0.125 0.125
1 0.3359375 0.12109375 0.125 0.125
3 0.04296875 0.31640625 0.125 0.125
3 0.13671875 0.39453125 0.125 0.125
3 0.375 0.1640625 0.125 0.125
1 0.5 0.05078125 0.125 0.125
1 0.53125 0.1171875 0.125 0.125
1 0.5703125 0.34765625 0.125 0.125
1 0.59765625 0.171875 0.125 0.125
1 0.7109375 0.4921875 0.125 0.125
1 0.86328125 0.421875 0.125 0.125
1 0.93359375 0.0625 0.125 0.125
3 0.76171875 0.33203125 0.125 0.125
3 0.9140625 0.46484375 0.125 0.125
3 0.9921875 0.3671875 0.125 0.125
1 0.08984375 0.56640625 0.125 0.125
1 0.296875 0.78125 0.125 0.125
1 0.375 0.609375 0.125 0.125
1 0.41015625 0.66796875 0.125 0.125
1 0.44921875 0.71875 0.125 0.125
1 0.45703125 0.8984375 0.125 0.125
1 0.5 0.7578125 0.125 0.125
1 0.50390625 0.953125 0.125 0.125
1 0.546875 0.80859375 0.125 0.125
1 0.765625 0.52734375 0.125 0.125
1 0.88671875 0.69140625 0.125 0.125
3 0.671875 0.8828125 0.125 0.125
3 0.91796875 0.73828125 0.125 0.125
