1 0.0390625 0.1484375 0.125 0.125
1 0.0859375 0.34765625 0.125 0.125
1 0.09765625 0.125 0.125 0.125
1 0.15625 0.09765625 0.125 0.125
1 0.17578125 0.4296875 0.125 0.125
1 0.21875 0.46875 0.125 0.125
3 0.05078125 0.29296875 0.125 0.125
3 0.140625 0.25 0.125 0.125
3 0.140625 0.38671875 0.125 0.125
1 0.546875 0.01171875 0.125 0.125
1 0.61328125 0.1171875 0.125 0.125
1 0.67578125 0.109375 0.125 0.125
1 0.67578125 0.296875 0.125 0.125
1 0.6953125 0.40625 0.125 0.125
1 0.7578125 0.3203125 0.125 0.125
4 0.59765625 0.39453125 0.125 0.125
4 0.73046875 0.19140625 0.125 0.125
4 0.90234375 0.26171875 0.125 0.125
4 0.921875 0.30078125 0.125 0.125
3 0.609375 0.0 0.125 0.125
3 0.8046875 0.35546875 0.125 0.125
1 0.30078125 0.51171875 0.125 0.125
1 0.421875 0.59765625 0.125 0.125
4 0.375 0.64453125 0.125 0.125
1 0.54296875 0.87890625 0.125 0.125
1 0.5546875 0.5859375 0.125 0.125
1 0.61328125 0.90625 0.125 0.125
1 0.6171875 0.56640625 0.125 0.125
1 0.703125 0.54296875 0.125 0.125
