3 0.01953125 0.16015625 0.125 0.125
3 0.1953125 0.3515625 0.125 0.125
1 0.0625 0.20703125 0.125 0.125
1 0.10546875 0.2578125 0.125 0.125
1 0.14453125 0.3046875 0.125 0.125
1 0.23828125 0.39453125 0.125 0.125
1 0.29296875 0.44921875 0.125 0.125
1 0.46875 0.15625 0.125 0.125
3 0.6015625 0.45703125 0.125 0.125
1 0.6015625 0.00390625 0.125 0.125
1 0.6484375 0.1640625 0.125 0.125
1 0.7109375 0.12890625 0.125 0.125
1 0.765625 0.08203125 0.125 0.125
1 0.95703125 0.28125 0.125 0.125
1 0.515625 0.11328125 0.125 0.125
1 0.55078125 0.05859375 0.125 0.125
4 0.078125 0.80859375 0.125 0.125
3 0.1875 0.6484375 0.125 0.125
3 0.4140625 0.55859375 0.125 0.125
1 0.05859375 0.96875 0.125 0.125
1 0.09765625 0.5546875 0.125 0.125
1 0.19140625 0.921875 0.125 0.125
1 0.26953125 0.9921875 0.125 0.125
1 0.3046875 0.76171875 0.125 0.125
1 0.33984375 0.5 0.125 0.125
1 0.46484375 0.60546875 0.125 0.125
1 0.96875 0.70703125 0.125 0.125
1 0.5 0.65234375 0.125 0.125
