1 0.08984375 0.40234375 0.125 0.125
1 0.15625 0.4375 0.125 0.125
1 0.1875 0.484375 0.125 0.125
1 0.20703125 0.28125 0.125 0.125
1 0.23046875 0.12890625 0.125 0.125
1 0.25390625 0.3359375 0.125 0.125
1 0.34765625 0.42578125 0.125 0.125
1 0.40625 0.4609375 0.125 0.125
3 0.3125 0.37109375 0.125 0.125
1 0.1953125 0.94921875 0.125 0.125
1 0.2421875 0.53515625 0.125 0.125
1 0.30078125 0.578125 0.125 0.125
1 0.3359375 0.62109375 0.125 0.125
3 0.04296875 0.81640625 0.125 0.125
3 0.13671875 0.89453125 0.125 0.125
3 0.375 0.6640625 0.125 0.125
1 0.5 0.55078125 0.125 0.125
1 0.53125 0.6171875 0.125 0.125
1 0.5703125 0.84765625 0.125 0.125
1 0.59765625 0.671875 0.125 0.125
1 0.7109375 0.9921875 0.125 0.125
1 0.86328125 0.921875 0.125 0.125
1 0.93359375 0.5625 0.125 0.125
3 0.76171875 0.83203125 0.125 0.125
3 0.9140625 0.96484375 0.125 0.125
3 0.9921875 0.8671875 0.125 0.125
