1 0.44921875 0.41015625 0.125 0.125
1 0.5546875 0.32421875 0.125 0.125
1 0.58984375 0.4921875 0.125 0.125
1 0.60546875 0.28515625 0.125 0.125
1 0.66015625 0.25 0.125 0.125
1 0.6796875 0.40234375 0.125 0.125
1 0.73046875 0.36328125 0.125 0.125
1 0.7734375 0.15234375 0.125 0.125
1 0.7890625 0.328125 0.125 0.125
1 0.828125 0.12109375 0.125 0.125
1 0.84765625 0.2890625 0.125 0.125
1 0.9140625 0.25 0.125 0.125
1 0.5078125 0.3828125 0.125 0.125
3 0.6328125 0.4375 0.125 0.125
1 0.19140625 0.87109375 0.125 0.125
4 0.26953125 0.91796875 0.125 0.125
3 0.546875 0.5234375 0.125 0.125
