3 0.453125 0.00390625 0.125 0.125
3 0.47265625 0.234375 0.125 0.125
1 0.25390625 0.4609375 0.125 0.125
4 0.53125 0.4921875 0.125 0.125
4 0.6484375 0.046875 0.125 0.125
4 0.71875 0.3125 0.125 0.125
3 0.53515625 0.16796875 0.125 0.125
3 0.59375 0.109375 0.125 0.125
1 0.77734375 0.25 0.125 0.125
1 0.86328125 0.2734375 0.125 0.125
1 0.9296875 0.34375 0.125 0.125
1 0.94921875 0.1796875 0.125 0.125
1 0.9921875 0.41015625 0.125 0.125
4 0.1640625 0.5546875 0.125 0.125
1 0.0234375 0.6875 0.125 0.125
1 0.0703125 0.65625 0.125 0.125
1 0.1171875 0.6015625 0.125 0.125
1 0.203125 0.51171875 0.125 0.125
1 0.4765625 0.5390625 0.125 0.125
3 0.8828125 0.8671875 0.125 0.125
1 0.93359375 0.83203125 0.125 0.125
