1 0.359375 0.01953125 0.125 0.125
1 0.19140625 0.8125 0.125 0.125
1 0.2421875 0.84375 0.125 0.125
1 0.25 0.53515625 0.125 0.125
1 0.375 0.57421875 0.125 0.125
1 0.42578125 0.58984375 0.125 0.125
1 0.4765625 0.6171875 0.125 0.125
4 0.3125 0.5703125 0.125 0.125
4 0.3671875 0.89453125 0.125 0.125
3 0.296875 0.88671875 0.125 0.125
1 0.5390625 0.640625 0.125 0.125
1 0.58984375 0.66015625 0.125 0.125
1 0.58984375 0.98828125 0.125 0.125
1 0.703125 0.7109375 0.125 0.125
1 0.74609375 0.73046875 0.125 0.125
1 0.52734375 0.95703125 0.125 0.125
4 0.859375 0.78125 0.125 0.125
3 0.65234375 0.67578125 0.125 0.125
3 0.796875 0.74609375 0.125 0.125
