1 0.03515625 0.24609375 0.125 0.125
1 0.1171875 0.29296875 0.125 0.125
1 0.203125 0.48046875 0.125 0.125
1 0.25390625 0.3828125 0.125 0.125
1 0.3203125 0.42578125 0.125 0.125
4 0.40625 0.484375 0.125 0.125
3 0.1875 0.3359375 0.125 0.125
1 0.84765625 0.46875 0.125 0.125
1 0.921875 0.3515625 0.125 0.125
1 0.4765625 0.5234375 0.125 0.125
3 0.34765625 0.578125 0.125 0.125
1 0.55078125 0.56640625 0.125 0.125
1 0.6953125 0.703125 0.125 0.125
1 0.76953125 0.9921875 0.125 0.125
4 0.82421875 0.91015625 0.125 0.125
