3 0.41796875 0.18359375 0.125 0.125
1 0.15234375 0.47265625 0.125 0.125
1 0.1953125 0.4375 0.125 0.125
1 0.23046875 0.3828125 0.125 0.125
1 0.3671875 0.2265625 0.125 0.125
1 0.453125 0.390625 0.125 0.125
3 0.80078125 0.01171875 0.125 0.125
1 0.5078125 0.09375 0.125 0.125
1 0.5625 0.0390625 0.125 0.125
1 0.60546875 0.0 0.125 0.125
1 0.66796875 0.14453125 0.125 0.125
1 0.765625 0.0703125 0.125 0.125
3 0.1015625 0.95703125 0.125 0.125
1 0.1015625 0.50390625 0.125 0.125
1 0.1484375 0.6640625 0.125 0.125
1 0.2109375 0.62890625 0.125 0.125
1 0.265625 0.58203125 0.125 0.125
1 0.45703125 0.78125 0.125 0.125
1 0.015625 0.61328125 0.125 0.125
1 0.05078125 0.55859375 0.125 0.125
3 0.6328125 0.58984375 0.125 0.125
1 0.54296875 0.6796875 0.125 0.125
