4 0.00390625 0.203125 0.125 0.125
1 0.01953125 0.0 0.125 0.125
1 0.0625 0.23828125 0.125 0.125
1 0.109375 0.2890625 0.125 0.125
1 0.1640625 0.3203125 0.125 0.125
3 0.23046875 0.796875 0.125 0.125
3 0.34765625 0.89453125 0.125 0.125
3 0.38671875 0.5625 0.125 0.125
1 0.203125 0.7421875 0.125 0.125
1 0.29296875 0.8515625 0.125 0.125
1 0.40625 0.953125 0.125 0.125
1 0.4609375 0.9921875 0.125 0.125
3 0.74609375 0.91015625 0.125 0.125
3 0.84765625 0.984375 0.125 0.125
1 0.69140625 0.8515625 0.125 0.125
1 0.80078125 0.94140625 0.125 0.125
