4 0.85546875 0.37109375 0.125 0.125
4 0.88671875 0.33203125 0.125 0.125
4 0.92578125 0.30078125 0.125 0.125
4 0.96875 0.2578125 0.125 0.125
1 0.7265625 0.4921875 0.125 0.125
1 0.78125 0.4609375 0.125 0.125
1 0.80859375 0.421875 0.125 0.125
1 0.88671875 0.47265625 0.125 0.125
4 0.3671875 0.875 0.125 0.125
3 0.4453125 0.9609375 0.125 0.125
1 0.3984375 0.84375 0.125 0.125
1 0.4453125 0.80859375 0.125 0.125
4 0.51953125 0.68359375 0.125 0.125
4 0.5390625 0.875 0.125 0.125
4 0.6484375 0.5859375 0.125 0.125
1 0.57421875 0.66015625 0.125 0.125
1 0.6171875 0.62109375 0.125 0.125
1 0.69140625 0.53125 0.125 0.125
