1 0.0 0.125 0.125 0.125
1 0.1796875 0.421875 0.125 0.125
1 0.21484375 0.28515625 0.125 0.125
1 0.4765625 0.1953125 0.125 0.125
4 0.12890625 0.16796875 0.125 0.125
4 0.1875 0.3515625 0.125 0.125
1 0.7265625 0.3984375 0.125 0.125
1 0.81640625 0.30859375 0.125 0.125
1 0.87109375 0.3515625 0.125 0.125
4 0.7734375 0.453125 0.125 0.125
3 0.9296875 0.39453125 0.125 0.125
4 0.0859375 0.59765625 0.125 0.125
3 0.03515625 0.66796875 0.125 0.125
1 0.60546875 0.578125 0.125 0.125
1 0.76171875 0.9453125 0.125 0.125
3 0.69140625 0.90625 0.125 0.125
3 0.94921875 0.9609375 0.125 0.125
