1 0.48828125 0.37109375 0.125 0.125
3 0.40234375 0.4921875 0.125 0.125
3 0.4375 0.4296875 0.125 0.125
1 0.51953125 0.3125 0.125 0.125
1 0.56640625 0.25390625 0.125 0.125
1 0.74609375 0.49609375 0.125 0.125
1 0.7890625 0.44921875 0.125 0.125
4 0.90234375 0.34375 0.125 0.125
1 0.06640625 0.5703125 0.125 0.125
1 0.12890625 0.59765625 0.125 0.125
1 0.23828125 0.671875 0.125 0.125
1 0.01953125 0.53515625 0.125 0.125
3 0.1875 0.62890625 0.125 0.125
3 0.32421875 0.60546875 0.125 0.125
1 0.609375 0.6875 0.125 0.125
