3 0.13671875 0.33984375 0.125 0.125
3 0.18359375 0.3828125 0.125 0.125
1 0.09375 0.29296875 0.125 0.125
1 0.27734375 0.46484375 0.125 0.125
1 0.49609375 0.44140625 0.125 0.125
3 0.8359375 0.34375 0.125 0.125
3 0.953125 0.2265625 0.125 0.125
1 0.52734375 0.03125 0.125 0.125
1 0.5390625 0.48046875 0.125 0.125
1 0.75 0.26953125 0.125 0.125
1 0.0859375 0.69140625 0.125 0.125
1 0.3671875 0.55859375 0.125 0.125
1 0.48046875 0.6796875 0.125 0.125
4 0.63671875 0.8125 0.125 0.125
3 0.671875 0.84765625 0.125 0.125
1 0.5546875 0.71875 0.125 0.125
1 0.5859375 0.77734375 0.125 0.125
1 0.73046875 0.8828125 0.125 0.125
