1 0.09375 0.44921875 0.125 0.125
1 0.11328125 0.37109375 0.125 0.125
1 0.125 0.18359375 0.125 0.125
1 0.15625 0.05859375 0.125 0.125
1 0.3984375 0.453125 0.125 0.125
1 0.41796875 0.30859375 0.125 0.125
1 0.44140625 0.2578125 0.125 0.125
4 0.3984375 0.37890625 0.125 0.125
3 0.1484375 0.25 0.125 0.125
1 0.3671875 0.98046875 0.125 0.125
3 0.05078125 0.65234375 0.125 0.125
3 0.05859375 0.57421875 0.125 0.125
3 0.0859375 0.5078125 0.125 0.125
1 0.62890625 0.76953125 0.125 0.125
1 0.69140625 0.80078125 0.125 0.125
1 0.75 0.828125 0.125 0.125
