1 0.25390625 0.45703125 0.125 0.125
1 0.359375 0.26953125 0.125 0.125
3 0.09765625 0.01953125 0.125 0.125
1 0.53125 0.46875 0.125 0.125
1 0.5390625 0.0546875 0.125 0.125
1 0.921875 0.375 0.125 0.125
3 0.68359375 0.1796875 0.125 0.125
1 0.03515625 0.9375 0.125 0.125
1 0.09765625 0.9765625 0.125 0.125
1 0.28125 0.7265625 0.125 0.125
1 0.33984375 0.67578125 0.125 0.125
1 0.3828125 0.62109375 0.125 0.125
1 0.48828125 0.51953125 0.125 0.125
3 0.4375 0.5703125 0.125 0.125
1 0.5859375 0.546875 0.125 0.125
1 0.640625 0.59375 0.125 0.125
1 0.6640625 0.7734375 0.125 0.125
1 0.6875 0.625 0.125 0.125
1 0.73046875 0.796875 0.125 0.125
1 0.73828125 0.97265625 0.125 0.125
1 0.75 0.6640625 0.125 0.125
1 0.8046875 0.71875 0.125 0.125
1 0.85546875 0.7578125 0.125 0.125
1 0.8984375 0.8046875 0.125 0.125
1 0.94140625 0.86328125 0.125 0.125
1 0.98046875 0.91015625 0.125 0.125
3 0.5625 0.6796875 0.125 0.125
3 0.62109375 0.7265625 0.125 0.125
