1 0.19140625 0.3125 0.125 0.125
1 0.2421875 0.34375 0.125 0.125
1 0.25 0.03515625 0.125 0.125
1 0.375 0.07421875 0.125 0.125
1 0.42578125 0.08984375 0.125 0.125
1 0.4765625 0.1171875 0.125 0.125
4 0.3125 0.0703125 0.125 0.125
4 0.3671875 0.39453125 0.125 0.125
3 0.296875 0.38671875 0.125 0.125
1 0.5390625 0.140625 0.125 0.125
1 0.58984375 0.16015625 0.125 0.125
1 0.58984375 0.48828125 0.125 0.125
1 0.703125 0.2109375 0.125 0.125
1 0.74609375 0.23046875 0.125 0.125
1 0.52734375 0.45703125 0.125 0.125
4 0.859375 0.28125 0.125 0.125
3 0.65234375 0.17578125 0.125 0.125
3 0.796875 0.24609375 0.125 0.125
