1 0.578125 0.3125 0.125 0.125
1 0.6640625 0.40625 0.125 0.125
1 0.92578125 0.38671875 0.125 0.125
4 0.35546875 0.87109375 0.125 0.125
4 0.38671875 0.83203125 0.125 0.125
4 0.42578125 0.80078125 0.125 0.125
4 0.46875 0.7578125 0.125 0.125
1 0.2265625 0.9921875 0.125 0.125
1 0.28125 0.9609375 0.125 0.125
1 0.30859375 0.921875 0.125 0.125
1 0.38671875 0.97265625 0.125 0.125
4 0.54296875 0.66015625 0.125 0.125
3 0.90234375 0.828125 0.125 0.125
3 0.90625 0.6328125 0.125 0.125
1 0.52734375 0.72265625 0.125 0.125
1 0.578125 0.87109375 0.125 0.125
1 0.80859375 0.72265625 0.125 0.125
1 0.8359375 0.90234375 0.125 0.125
1 0.83984375 0.77734375 0.125 0.125
1 0.9609375 0.875 0.125 0.125
