3 0.44921875 0.734375 0.125 0.125
1 0.328125 0.85546875 0.125 0.125
1 0.49609375 0.9765625 0.125 0.125
3 0.5234375 0.91796875 0.125 0.125
3 0.59765625 0.859375 0.125 0.125
3 0.79296875 0.703125 0.125 0.125
3 0.8359375 0.64453125 0.125 0.125
3 0.88671875 0.90625 0.125 0.125
1 0.640625 0.8046875 0.125 0.125
1 0.6953125 0.75 0.125 0.125
1 0.82421875 0.96484375 0.125 0.125
1 0.94140625 0.875 0.125 0.125
1 0.9453125 0.55078125 0.125 0.125
1 0.96484375 0.9921875 0.125 0.125
1 0.5546875 0.625 0.125 0.125
