3 0.48828125 0.05078125 0.125 0.125
1 0.15234375 0.0625 0.125 0.125
1 0.1875 0.00390625 0.125 0.125
1 0.24609375 0.3359375 0.125 0.125
1 0.3125 0.3828125 0.125 0.125
4 0.50390625 0.203125 0.125 0.125
1 0.51953125 0.0 0.125 0.125
1 0.5625 0.23828125 0.125 0.125
1 0.609375 0.2890625 0.125 0.125
1 0.6640625 0.3203125 0.125 0.125
3 0.73046875 0.796875 0.125 0.125
3 0.84765625 0.89453125 0.125 0.125
3 0.88671875 0.5625 0.125 0.125
1 0.703125 0.7421875 0.125 0.125
1 0.79296875 0.8515625 0.125 0.125
1 0.90625 0.953125 0.125 0.125
1 0.9609375 0.9921875 0.125 0.125
