3 0.7421875 0.3828125 0.125 0.125
1 0.84765625 0.4296875 0.125 0.125
4 0.390625 0.91015625 0.125 0.125
1 0.41796875 0.84375 0.125 0.125
1 0.46875 0.81640625 0.125 0.125
4 0.51953125 0.76171875 0.125 0.125
4 0.93359375 0.84375 0.125 0.125
4 0.9765625 0.79296875 0.125 0.125
3 0.60546875 0.67578125 0.125 0.125
3 0.69921875 0.5703125 0.125 0.125
3 0.8671875 0.890625 0.125 0.125
1 0.5703125 0.71875 0.125 0.125
1 0.64453125 0.62109375 0.125 0.125
1 0.734375 0.5234375 0.125 0.125
1 0.76171875 0.85546875 0.125 0.125
1 0.93359375 0.71875 0.125 0.125
