3 0.1640625 0.125 0.125 0.125
3 0.1796875 0.25 0.125 0.125
3 0.23828125 0.19921875 0.125 0.125
3 0.41015625 0.02734375 0.125 0.125
1 0.109375 0.18359375 0.125 0.125
1 0.21875 0.08984375 0.125 0.125
1 0.27734375 0.0234375 0.125 0.125
1 0.30078125 0.140625 0.125 0.125
1 0.33203125 0.4609375 0.125 0.125
1 0.35546875 0.08984375 0.125 0.125
1 0.40625 0.39453125 0.125 0.125
1 0.0078125 0.421875 0.125 0.125
1 0.0625 0.234375 0.125 0.125
1 0.07421875 0.3671875 0.125 0.125
1 0.5 0.30078125 0.125 0.125
4 0.00390625 0.81640625 0.125 0.125
3 0.05078125 0.75 0.125 0.125
1 0.109375 0.6953125 0.125 0.125
