1 0.06640625 0.29296875 0.125 0.125
1 0.12890625 0.28125 0.125 0.125
1 0.140625 0.046875 0.125 0.125
4 0.08203125 0.08203125 0.125 0.125
4 0.1796875 0.265625 0.125 0.125
1 0.0546875 0.55859375 0.125 0.125
1 0.0546875 0.82421875 0.125 0.125
1 0.11328125 0.55859375 0.125 0.125
1 0.13671875 0.9765625 0.125 0.125
1 0.1875 0.796875 0.125 0.125
1 0.1953125 0.96484375 0.125 0.125
1 0.25 0.94140625 0.125 0.125
1 0.37890625 0.91015625 0.125 0.125
1 0.44140625 0.90625 0.125 0.125
1 0.01171875 0.98046875 0.125 0.125
4 0.19140625 0.546875 0.125 0.125
4 0.23828125 0.53515625 0.125 0.125
3 0.0703125 0.9765625 0.125 0.125
3 0.31640625 0.93359375 0.125 0.125
