1 0.31640625 0.28125 0.125 0.125
1 0.421875 0.1640625 0.125 0.125
1 0.45703125 0.20703125 0.125 0.125
1 0.078125 0.03125 0.125 0.125
1 0.5390625 0.1484375 0.125 0.125
1 0.5859375 0.34765625 0.125 0.125
1 0.59765625 0.125 0.125 0.125
1 0.65625 0.09765625 0.125 0.125
1 0.67578125 0.4296875 0.125 0.125
1 0.71875 0.46875 0.125 0.125
3 0.55078125 0.29296875 0.125 0.125
3 0.640625 0.25 0.125 0.125
3 0.640625 0.38671875 0.125 0.125
1 0.15625 0.7421875 0.125 0.125
1 0.80078125 0.51171875 0.125 0.125
1 0.921875 0.59765625 0.125 0.125
4 0.875 0.64453125 0.125 0.125
