3 0.1328125 0.359375 0.125 0.125
1 0.01171875 0.23828125 0.125 0.125
1 0.02734375 0.0 0.125 0.125
1 0.03515625 0.43359375 0.125 0.125
1 0.08984375 0.48828125 0.125 0.125
1 0.1171875 0.0703125 0.125 0.125
1 0.2109375 0.16796875 0.125 0.125
1 0.375 0.03515625 0.125 0.125
1 0.421875 0.07421875 0.125 0.125
1 0.4609375 0.12890625 0.125 0.125
3 0.51953125 0.16015625 0.125 0.125
3 0.6953125 0.3515625 0.125 0.125
1 0.5625 0.20703125 0.125 0.125
1 0.60546875 0.2578125 0.125 0.125
1 0.64453125 0.3046875 0.125 0.125
1 0.73828125 0.39453125 0.125 0.125
1 0.79296875 0.44921875 0.125 0.125
1 0.96875 0.15625 0.125 0.125
4 0.03125 0.9921875 0.125 0.125
4 0.1484375 0.546875 0.125 0.125
4 0.21875 0.8125 0.125 0.125
3 0.03515625 0.66796875 0.125 0.125
3 0.09375 0.609375 0.125 0.125
1 0.27734375 0.75 0.125 0.125
1 0.36328125 0.7734375 0.125 0.125
1 0.4296875 0.84375 0.125 0.125
1 0.44921875 0.6796875 0.125 0.125
1 0.4921875 0.91015625 0.125 0.125
4 0.578125 0.80859375 0.125 0.125
3 0.6875 0.6484375 0.125 0.125
3 0.9140625 0.55859375 0.125 0.125
1 0.55859375 0.96875 0.125 0.125
1 0.59765625 0.5546875 0.125 0.125
1 0.69140625 0.921875 0.125 0.125
1 0.76953125 0.9921875 0.125 0.125
1 0.8046875 0.76171875 0.125 0.125
1 0.83984375 0.5 0.125 0.125
1 0.96484375 0.60546875 0.125 0.125
