1 0.0234375 0.48046875 0.125 0.125
1 0.07421875 0.44140625 0.125 0.125
1 0.6953125 0.3359375 0.125 0.125
1 0.98046875 0.46875 0.125 0.125
3 0.6171875 0.43359375 0.125 0.125
1 0.046875 0.875 0.125 0.125
1 0.0859375 0.95703125 0.125 0.125
1 0.1484375 0.89453125 0.125 0.125
1 0.171875 0.73046875 0.125 0.125
1 0.2109375 0.83203125 0.125 0.125
1 0.484375 0.56640625 0.125 0.125
3 0.4609375 0.87109375 0.125 0.125
1 0.54296875 0.8359375 0.125 0.125
1 0.5625 0.5078125 0.125 0.125
1 0.6171875 0.74609375 0.125 0.125
1 0.75390625 0.6328125 0.125 0.125
1 0.828125 0.52734375 0.125 0.125
4 0.6875 0.6875 0.125 0.125
