1 0.48828125 0.08203125 0.125 0.125
3 0.37109375 0.125 0.125 0.125
3 0.4296875 0.109375 0.125 0.125
1 0.5546875 0.05859375 0.125 0.125
1 0.5546875 0.32421875 0.125 0.125
1 0.61328125 0.05859375 0.125 0.125
1 0.63671875 0.4765625 0.125 0.125
1 0.6875 0.296875 0.125 0.125
1 0.6953125 0.46484375 0.125 0.125
1 0.75 0.44140625 0.125 0.125
1 0.87890625 0.41015625 0.125 0.125
1 0.94140625 0.40625 0.125 0.125
1 0.51171875 0.48046875 0.125 0.125
4 0.69140625 0.046875 0.125 0.125
4 0.73828125 0.03515625 0.125 0.125
3 0.5703125 0.4765625 0.125 0.125
3 0.81640625 0.43359375 0.125 0.125
1 0.8984375 0.99609375 0.125 0.125
3 0.8125 0.72265625 0.125 0.125
3 0.9609375 0.9765625 0.125 0.125
