4 0.078125 0.30859375 0.125 0.125
3 0.1875 0.1484375 0.125 0.125
3 0.4140625 0.05859375 0.125 0.125
1 0.05859375 0.46875 0.125 0.125
1 0.09765625 0.0546875 0.125 0.125
1 0.19140625 0.421875 0.125 0.125
1 0.26953125 0.4921875 0.125 0.125
1 0.3046875 0.26171875 0.125 0.125
1 0.33984375 0.0 0.125 0.125
1 0.46484375 0.10546875 0.125 0.125
1 0.96875 0.20703125 0.125 0.125
1 0.5 0.15234375 0.125 0.125
3 0.3515625 0.57421875 0.125 0.125
1 0.25390625 0.8828125 0.125 0.125
1 0.34375 0.9765625 0.125 0.125
1 0.44921875 0.66796875 0.125 0.125
3 0.72265625 0.9375 0.125 0.125
1 0.62109375 0.84375 0.125 0.125
1 0.671875 0.6328125 0.125 0.125
1 0.90234375 0.85546875 0.125 0.125
1 0.5390625 0.7578125 0.125 0.125
