1 0.046875 0.125 0.125 0.125
1 0.15234375 0.43359375 0.125 0.125
1 0.24609375 0.01953125 0.125 0.125
1 0.3515625 0.375 0.125 0.125
1 0.40625 0.44921875 0.125 0.125
1 0.4375 0.3359375 0.125 0.125
1 0.03125 0.96484375 0.125 0.125
1 0.06640625 0.82421875 0.125 0.125
1 0.2890625 0.6328125 0.125 0.125
3 0.09765625 0.69140625 0.125 0.125
3 0.12890625 0.89453125 0.125 0.125
1 0.56640625 0.75 0.125 0.125
1 0.625 0.76953125 0.125 0.125
1 0.6953125 0.82421875 0.125 0.125
1 0.7890625 0.86328125 0.125 0.125
1 0.84765625 0.9140625 0.125 0.125
3 0.90625 0.953125 0.125 0.125
