4 0.390625 0.41015625 0.125 0.125
1 0.41796875 0.34375 0.125 0.125
1 0.46875 0.31640625 0.125 0.125
4 0.51953125 0.26171875 0.125 0.125
4 0.93359375 0.34375 0.125 0.125
4 0.9765625 0.29296875 0.125 0.125
3 0.60546875 0.17578125 0.125 0.125
3 0.69921875 0.0703125 0.125 0.125
3 0.8671875 0.390625 0.125 0.125
1 0.5703125 0.21875 0.125 0.125
1 0.64453125 0.12109375 0.125 0.125
1 0.734375 0.0234375 0.125 0.125
1 0.76171875 0.35546875 0.125 0.125
1 0.93359375 0.21875 0.125 0.125
4 0.01953125 0.84765625 0.125 0.125
4 0.2421875 0.54296875 0.125 0.125
4 0.2890625 0.50390625 0.125 0.125
3 0.1796875 0.5859375 0.125 0.125
1 0.07421875 0.6875 0.125 0.125
1 0.12890625 0.63671875 0.125 0.125
1 0.234375 0.83984375 0.125 0.125
4 0.80859375 0.5078125 0.125 0.125
1 0.65625 0.57421875 0.125 0.125
1 0.7109375 0.515625 0.125 0.125
