1 0.44921875 0.41015625 0.125 0.125
3 0.40234375 0.48046875 0.125 0.125
1 0.546875 0.33203125 0.125 0.125
1 0.56640625 0.27734375 0.125 0.125
1 0.625 0.24609375 0.125 0.125
1 0.73046875 0.11328125 0.125 0.125
3 0.671875 0.19921875 0.125 0.125
1 0.296875 0.98046875 0.125 0.125
1 0.515625 0.765625 0.125 0.125
1 0.625 0.87109375 0.125 0.125
1 0.66796875 0.8203125 0.125 0.125
1 0.80078125 0.6796875 0.125 0.125
4 0.6328125 0.63671875 0.125 0.125
3 0.6953125 0.59375 0.125 0.125
3 0.76171875 0.734375 0.125 0.125
