3 0.01953125 0.4296875 0.125 0.125
3 0.16015625 0.125 0.125 0.125
3 0.3515625 0.45703125 0.125 0.125
1 0.05859375 0.2265625 0.125 0.125
1 0.07421875 0.375 0.125 0.125
1 0.109375 0.18359375 0.125 0.125
1 0.125 0.30078125 0.125 0.125
1 0.18359375 0.2421875 0.125 0.125
1 0.2265625 0.0703125 0.125 0.125
1 0.24609375 0.2109375 0.125 0.125
1 0.27734375 0.01171875 0.125 0.125
1 0.2890625 0.16015625 0.125 0.125
1 0.35546875 0.11328125 0.125 0.125
1 0.41015625 0.0546875 0.125 0.125
1 0.44140625 0.375 0.125 0.125
4 0.50390625 0.31640625 0.125 0.125
3 0.55078125 0.25 0.125 0.125
1 0.609375 0.1953125 0.125 0.125
3 0.08203125 0.71484375 0.125 0.125
1 0.02734375 0.7890625 0.125 0.125
1 0.23046875 0.56640625 0.125 0.125
1 0.27734375 0.5078125 0.125 0.125
