1 0.109375 0.1484375 0.125 0.125
1 0.1328125 0.41796875 0.125 0.125
1 0.21484375 0.2109375 0.125 0.125
1 0.56640625 0.42578125 0.125 0.125
1 0.76171875 0.3046875 0.125 0.125
1 0.7890625 0.1640625 0.125 0.125
1 0.90234375 0.23828125 0.125 0.125
4 0.84765625 0.19921875 0.125 0.125
3 0.7421875 0.12890625 0.125 0.125
1 0.1484375 0.71875 0.125 0.125
1 0.20703125 0.74609375 0.125 0.125
1 0.3359375 0.82421875 0.125 0.125
1 0.39453125 0.8515625 0.125 0.125
3 0.26953125 0.78515625 0.125 0.125
1 0.54296875 0.94140625 0.125 0.125
1 0.69140625 0.5078125 0.125 0.125
1 0.80859375 0.5859375 0.125 0.125
