3 0.3359375 0.34375 0.125 0.125
3 0.453125 0.2265625 0.125 0.125
1 0.02734375 0.03125 0.125 0.125
1 0.0390625 0.48046875 0.125 0.125
1 0.25 0.26953125 0.125 0.125
3 0.94140625 0.2890625 0.125 0.125
1 0.6953125 0.44140625 0.125 0.125
1 0.75390625 0.10546875 0.125 0.125
1 0.90234375 0.24609375 0.125 0.125
4 0.13671875 0.8125 0.125 0.125
3 0.171875 0.84765625 0.125 0.125
1 0.0546875 0.71875 0.125 0.125
1 0.0859375 0.77734375 0.125 0.125
1 0.23046875 0.8828125 0.125 0.125
1 0.5703125 0.57421875 0.125 0.125
1 0.609375 0.62109375 0.125 0.125
1 0.734375 0.51171875 0.125 0.125
