1 0.2734375 0.28125 0.125 0.125
1 0.33984375 0.25 0.125 0.125
1 0.390625 0.2578125 0.125 0.125
1 0.46484375 0.24609375 0.125 0.125
1 0.59375 0.22265625 0.125 0.125
1 0.66015625 0.21875 0.125 0.125
1 0.71484375 0.21875 0.125 0.125
1 0.78515625 0.19921875 0.125 0.125
1 0.53125 0.23046875 0.125 0.125
3 0.30859375 0.84375 0.125 0.125
1 0.56640625 0.79296875 0.125 0.125
1 0.62890625 0.78125 0.125 0.125
1 0.640625 0.546875 0.125 0.125
4 0.58203125 0.58203125 0.125 0.125
4 0.6796875 0.765625 0.125 0.125
