1 0.0234375 0.23828125 0.125 0.125
1 0.07421875 0.29296875 0.125 0.125
3 0.91796875 0.18359375 0.125 0.125
1 0.65234375 0.47265625 0.125 0.125
1 0.6953125 0.4375 0.125 0.125
1 0.73046875 0.3828125 0.125 0.125
1 0.8671875 0.2265625 0.125 0.125
1 0.953125 0.390625 0.125 0.125
3 0.01953125 0.66015625 0.125 0.125
3 0.1953125 0.8515625 0.125 0.125
1 0.0625 0.70703125 0.125 0.125
1 0.10546875 0.7578125 0.125 0.125
1 0.14453125 0.8046875 0.125 0.125
1 0.23828125 0.89453125 0.125 0.125
1 0.29296875 0.94921875 0.125 0.125
1 0.46875 0.65625 0.125 0.125
3 0.6015625 0.95703125 0.125 0.125
1 0.6015625 0.50390625 0.125 0.125
1 0.6484375 0.6640625 0.125 0.125
1 0.7109375 0.62890625 0.125 0.125
1 0.765625 0.58203125 0.125 0.125
1 0.95703125 0.78125 0.125 0.125
1 0.515625 0.61328125 0.125 0.125
1 0.55078125 0.55859375 0.125 0.125
