3 0.44921875 0.234375 0.125 0.125
1 0.328125 0.35546875 0.125 0.125
1 0.49609375 0.4765625 0.125 0.125
3 0.5234375 0.41796875 0.125 0.125
3 0.59765625 0.359375 0.125 0.125
3 0.79296875 0.203125 0.125 0.125
3 0.8359375 0.14453125 0.125 0.125
3 0.88671875 0.40625 0.125 0.125
1 0.640625 0.3046875 0.125 0.125
1 0.6953125 0.25 0.125 0.125
1 0.82421875 0.46484375 0.125 0.125
1 0.94140625 0.375 0.125 0.125
1 0.9453125 0.05078125 0.125 0.125
1 0.96484375 0.4921875 0.125 0.125
1 0.5546875 0.125 0.125 0.125
3 0.4609375 0.97265625 0.125 0.125
3 0.49609375 0.7890625 0.125 0.125
1 0.19140625 0.8125 0.125 0.125
1 0.2734375 0.6953125 0.125 0.125
1 0.33203125 0.97265625 0.125 0.125
1 0.34765625 0.64453125 0.125 0.125
1 0.390625 0.90625 0.125 0.125
1 0.43359375 0.52734375 0.125 0.125
1 0.4453125 0.85546875 0.125 0.125
3 0.6640625 0.625 0.125 0.125
3 0.6796875 0.75 0.125 0.125
3 0.73828125 0.69921875 0.125 0.125
3 0.91015625 0.52734375 0.125 0.125
1 0.609375 0.68359375 0.125 0.125
1 0.71875 0.58984375 0.125 0.125
1 0.77734375 0.5234375 0.125 0.125
1 0.80078125 0.640625 0.125 0.125
1 0.83203125 0.9609375 0.125 0.125
1 0.85546875 0.58984375 0.125 0.125
1 0.90625 0.89453125 0.125 0.125
1 0.5078125 0.921875 0.125 0.125
1 0.5625 0.734375 0.125 0.125
1 0.57421875 0.8671875 0.125 0.125
