3 0.0234375 0.41796875 0.125 0.125
3 0.09765625 0.359375 0.125 0.125
3 0.29296875 0.203125 0.125 0.125
3 0.3359375 0.14453125 0.125 0.125
3 0.38671875 0.40625 0.125 0.125
1 0.140625 0.3046875 0.125 0.125
1 0.1953125 0.25 0.125 0.125
1 0.32421875 0.46484375 0.125 0.125
1 0.44140625 0.375 0.125 0.125
1 0.4453125 0.05078125 0.125 0.125
1 0.46484375 0.4921875 0.125 0.125
1 0.0546875 0.125 0.125 0.125
4 0.5078125 0.33203125 0.125 0.125
4 0.54296875 0.25390625 0.125 0.125
3 0.578125 0.41015625 0.125 0.125
3 0.62109375 0.3046875 0.125 0.125
1 0.5234375 0.44140625 0.125 0.125
3 0.1640625 0.625 0.125 0.125
3 0.1796875 0.75 0.125 0.125
3 0.23828125 0.69921875 0.125 0.125
3 0.41015625 0.52734375 0.125 0.125
1 0.109375 0.68359375 0.125 0.125
1 0.21875 0.58984375 0.125 0.125
1 0.27734375 0.5234375 0.125 0.125
1 0.30078125 0.640625 0.125 0.125
1 0.33203125 0.9609375 0.125 0.125
1 0.35546875 0.58984375 0.125 0.125
1 0.40625 0.89453125 0.125 0.125
1 0.0078125 0.921875 0.125 0.125
1 0.0625 0.734375 0.125 0.125
1 0.07421875 0.8671875 0.125 0.125
1 0.5 0.80078125 0.125 0.125
