1 0.35546875 0.125 0.125 0.125
1 0.421875 0.1796875 0.125 0.125
4 0.23046875 0.18359375 0.125 0.125
1 0.6953125 0.44921875 0.125 0.125
1 0.7421875 0.03515625 0.125 0.125
1 0.80078125 0.078125 0.125 0.125
1 0.8359375 0.12109375 0.125 0.125
3 0.54296875 0.31640625 0.125 0.125
3 0.63671875 0.39453125 0.125 0.125
3 0.875 0.1640625 0.125 0.125
1 0.0859375 0.53125 0.125 0.125
1 0.1640625 0.609375 0.125 0.125
1 0.58984375 0.56640625 0.125 0.125
1 0.796875 0.78125 0.125 0.125
1 0.875 0.609375 0.125 0.125
1 0.91015625 0.66796875 0.125 0.125
1 0.94921875 0.71875 0.125 0.125
1 0.95703125 0.8984375 0.125 0.125
