1 0.015625 0.265625 0.125 0.125
1 0.125 0.37109375 0.125 0.125
1 0.16796875 0.3203125 0.125 0.125
1 0.30078125 0.1796875 0.125 0.125
4 0.1328125 0.13671875 0.125 0.125
3 0.1953125 0.09375 0.125 0.125
3 0.26171875 0.234375 0.125 0.125
1 0.2421875 0.83203125 0.125 0.125
4 0.1328125 0.73046875 0.125 0.125
4 0.35546875 0.765625 0.125 0.125
1 0.5 0.6328125 0.125 0.125
1 0.5703125 0.53515625 0.125 0.125
1 0.6484375 0.7890625 0.125 0.125
1 0.69921875 0.7421875 0.125 0.125
1 0.796875 0.67578125 0.125 0.125
