1 0.06640625 0.25 0.125 0.125
1 0.125 0.26953125 0.125 0.125
1 0.1953125 0.32421875 0.125 0.125
1 0.2890625 0.36328125 0.125 0.125
1 0.34765625 0.4140625 0.125 0.125
3 0.40625 0.453125 0.125 0.125
1 0.98828125 0.37109375 0.125 0.125
3 0.90234375 0.4921875 0.125 0.125
3 0.9375 0.4296875 0.125 0.125
1 0.4609375 0.50390625 0.125 0.125
1 0.56640625 0.5703125 0.125 0.125
1 0.62890625 0.59765625 0.125 0.125
1 0.73828125 0.671875 0.125 0.125
1 0.51953125 0.53515625 0.125 0.125
3 0.6875 0.62890625 0.125 0.125
3 0.82421875 0.60546875 0.125 0.125
