1 0.3359375 0.4765625 0.125 0.125
1 0.4453125 0.29296875 0.125 0.125
1 0.55859375 0.08984375 0.125 0.125
1 0.75 0.48046875 0.125 0.125
1 0.77734375 0.43359375 0.125 0.125
1 0.796875 0.3828125 0.125 0.125
1 0.87890625 0.46484375 0.125 0.125
1 0.90234375 0.4140625 0.125 0.125
1 0.90625 0.15625 0.125 0.125
1 0.94140625 0.109375 0.125 0.125
1 0.95703125 0.0625 0.125 0.125
4 0.83984375 0.26953125 0.125 0.125
3 0.81640625 0.328125 0.125 0.125
3 0.875 0.21484375 0.125 0.125
1 0.06640625 0.96484375 0.125 0.125
1 0.31640625 0.99609375 0.125 0.125
1 0.83984375 0.53125 0.125 0.125
