1 0.05859375 0.140625 0.125 0.125
1 0.1484375 0.2578125 0.125 0.125
1 0.28125 0.4140625 0.125 0.125
1 0.4921875 0.24609375 0.125 0.125
4 0.31640625 0.03125 0.125 0.125
4 0.35546875 0.09375 0.125 0.125
4 0.39453125 0.15234375 0.125 0.125
4 0.453125 0.1875 0.125 0.125
1 0.96875 0.39453125 0.125 0.125
4 0.64453125 0.44140625 0.125 0.125
1 0.36328125 0.51953125 0.125 0.125
1 0.390625 0.56640625 0.125 0.125
1 0.453125 0.609375 0.125 0.125
1 0.48046875 0.671875 0.125 0.125
1 0.52734375 0.71875 0.125 0.125
1 0.69921875 0.5078125 0.125 0.125
1 0.73828125 0.5546875 0.125 0.125
