1 0.32421875 0.1015625 0.125 0.125
1 0.36328125 0.32421875 0.125 0.125
1 0.43359375 0.328125 0.125 0.125
4 0.21484375 0.3515625 0.125 0.125
3 0.28125 0.34375 0.125 0.125
1 0.64453125 0.30078125 0.125 0.125
3 0.53515625 0.3203125 0.125 0.125
1 0.140625 0.921875 0.125 0.125
1 0.23828125 0.9140625 0.125 0.125
1 0.3203125 0.91015625 0.125 0.125
1 0.390625 0.90234375 0.125 0.125
1 0.78515625 0.80078125 0.125 0.125
1 0.8515625 0.75 0.125 0.125
1 0.88671875 0.69140625 0.125 0.125
1 0.91796875 0.625 0.125 0.125
1 0.98046875 0.59375 0.125 0.125
