1 0.3359375 0.46875 0.125 0.125
1 0.37890625 0.1484375 0.125 0.125
1 0.3984375 0.203125 0.125 0.125
1 0.4296875 0.28515625 0.125 0.125
1 0.46484375 0.34375 0.125 0.125
1 0.4921875 0.0 0.125 0.125
3 0.4375 0.0390625 0.125 0.125
1 0.50390625 0.39453125 0.125 0.125
1 0.52734375 0.17578125 0.125 0.125
1 0.53515625 0.45703125 0.125 0.125
1 0.59375 0.12890625 0.125 0.125
1 0.6015625 0.28515625 0.125 0.125
1 0.6328125 0.0859375 0.125 0.125
1 0.65625 0.24609375 0.125 0.125
1 0.66015625 0.375 0.125 0.125
1 0.6875 0.05859375 0.125 0.125
1 0.70703125 0.20703125 0.125 0.125
1 0.73828125 0.01953125 0.125 0.125
1 0.76953125 0.1640625 0.125 0.125
1 0.8203125 0.125 0.125 0.125
1 0.8671875 0.0859375 0.125 0.125
1 0.91015625 0.47265625 0.125 0.125
1 0.9140625 0.046875 0.125 0.125
1 0.984375 0.4296875 0.125 0.125
3 0.66796875 0.4375 0.125 0.125
3 0.7265625 0.48046875 0.125 0.125
3 0.97265625 0.01171875 0.125 0.125
1 0.3203125 0.5703125 0.125 0.125
1 0.578125 0.5 0.125 0.125
1 0.59375 0.76953125 0.125 0.125
1 0.6171875 0.55078125 0.125 0.125
1 0.66796875 0.6171875 0.125 0.125
1 0.73828125 0.703125 0.125 0.125
1 0.7734375 0.546875 0.125 0.125
1 0.85546875 0.53515625 0.125 0.125
1 0.85546875 0.7109375 0.125 0.125
1 0.91015625 0.65625 0.125 0.125
1 0.94140625 0.578125 0.125 0.125
